============
1 1 1 1 1 
1 1 1 1 1 
1 1 1 1 1 
1 1 1 1 1 
1 1 1 1 1 
============
1 2 4 3 2 
2 1 3 2 3 
4 3 1 2 3 
3 2 2 1 2 
2 3 3 2 1 
============
1 8 10 9 6 
4 1 9 6 7 
8 7 1 4 5 
7 4 8 1 4 
4 9 9 8 1 
============
1 18 26 21 16 
10 1 25 16 17 
20 19 1 10 11 
19 12 18 1 10 
12 21 19 18 1 
============
1 46 60 55 40 
28 1 59 40 43 
48 47 1 28 29 
47 28 46 1 28 
28 55 47 46 1 
============
1 108 150 135 102 
68 1 149 102 111 
124 123 1 68 69 
117 74 108 1 68 
74 135 109 108 1 
============
1 274 368 335 252 
176 1 367 252 277 
306 305 1 176 177 
293 176 274 1 176 
176 341 275 274 1 
============
1 674 916 837 628 
428 1 915 628 687 
770 769 1 428 429 
727 450 674 1 428 
450 849 675 674 1 
============
1 1686 2282 2071 1564 
1078 1 2281 1564 1715 
1906 1905 1 1078 1079 
1811 1102 1686 1 1078 
1102 2113 1687 1686 1 
============
1 4188 5664 5171 3882 
2666 1 5663 3882 4251 
4756 4755 1 2666 2667 
4503 2764 4188 1 2666 
2764 5265 4189 4188 1 
============
1 10420 14116 12833 9674 
6646 1 14115 9674 10601 
11814 11813 1 6646 6647 
11203 6854 10420 1 6646 
6854 13085 10421 10420 1 
============
1 25930 35068 31965 24036 
16528 1 35067 24036 26333 
29406 29405 1 16528 16529 
27875 17066 25930 1 16528 
17066 32575 25931 25930 1 
============
1 64474 87302 79471 59840 
41102 1 87301 59840 65559 
73140 73139 1 41102 41103 
69329 42458 64474 1 41102 
42458 81001 64475 64474 1 
============
1 160442 217086 197733 148800 
102298 1 217085 148800 163031 
181944 181943 1 102298 102299 
172491 105576 160442 1 102298 
105576 201543 160443 160442 1 
============
1 399030 540120 491875 370224 
254376 1 540119 370224 405607 
452642 452641 1 254376 254377 
429049 262740 399030 1 254376 
262740 501327 399031 399030 1 
============
1 992762 1343548 1223545 920924 
632964 1 1343547 920924 1008991 
1125928 1125927 1 632964 632965 
1067377 653406 992762 1 632964 
653406 1247137 992763 992762 1 
============
1 2469476 3342236 3043889 2290922 
1574330 1 3342235 2290922 2509915 
2801026 2801025 1 1574330 1574331 
2655159 1625726 2469476 1 1574330 
1625726 3102439 2469477 2469476 1 
============
1 6143262 8314392 7571725 5699048 
3916648 1 8314391 5699048 6243945 
6967692 6967691 1 3916648 3916649 
6605117 4043806 6143262 1 3916648 
4043806 7717591 6143263 6143262 1 
============
1 15282084 20682680 18836157 14176842 
9742854 1 20682679 14176842 15532179 
17333288 17333287 1 9742854 9742855 
16431013 10059910 15282084 1 9742854 
10059910 19198731 15282085 15282084 1 
============
1 38015968 51451530 46856547 35267170 
24236752 1 51451529 35267170 38638921 
43118428 43118427 1 24236752 24236753 
40874173 25024938 38015968 1 24236752 
25024938 47758821 38015969 38015968 1 
============
1 94569958 127990944 116562455 87730720 
60292108 1 127990943 87730720 96118237 
107262744 107262743 1 60292108 60292109 
101679827 62252720 94569958 1 60292108 
62252720 118806709 94569959 94569958 1 
============
1 235253688 318395158 289962879 218242282 
149983440 1 318395157 218242282 239107283 
266829538 266829537 1 149983440 149983441 
252940915 154862066 235253688 1 149983440 
154862066 295545795 235253689 235253688 1 
============
1 585224696 792046106 721319513 542903794 
373104348 1 792046105 542903794 594808385 
663771518 663771517 1 373104348 373104349 
629223037 385237128 585224696 1 373104348 
385237128 735208135 585224697 585224696 1 
============
1 1455817624 1970315728 1794373491 1350542550 
928140922 1 1970315727 1350542550 1479660989 
1651216278 1651216277 1 928140922 928140923 
1565270209 958329044 1455817624 1 928140922 
958329044 1828921971 1455817625 1455817624 1 
============
1 3621532006 2147483647 4549672927 2383958546 2147483647 4549672928 2383958547 2147483647 4549672929 2383958548 
2308871594 1 2147483647 2383958546 3893807657 2147483647 2383958547 3893807658 2147483647 2383958548 3893807659 
2147483647 2147483647 1 2308871594 2308871595 2383958546 3893807657 3893807658 2383958547 3893807658 3893807659 
3680843457 3359643700 3621532006 1 2308871594 4549672927 2383958546 3893807657 4549672928 2383958547 3893807658 
3359643700 4463726859 3621532007 3621532006 1 4549672928 4549672927 2383958546 4549672929 4549672928 2383958547 
2147483647 2147483647 3359643700 3680843457 3680843458 1 2308871594 2308871595 2383958546 3893807657 3893807658 
3680843458 3359643701 4463726859 3359643700 3680843457 3621532006 1 2308871594 4549672927 2383958546 3893807657 
3359643701 4463726860 4463726860 4463726859 3359643700 3621532007 3621532006 1 4549672928 4549672927 2383958546 
2147483647 2147483647 3359643701 3680843458 3680843459 3359643700 3680843457 3680843458 1 2308871594 2308871595 
3680843459 3359643702 4463726860 3359643701 3680843458 4463726859 3359643700 3680843457 3621532006 1 2308871594 
3359643702 4463726861 4463726861 4463726860 3359643701 4463726860 4463726859 3359643700 3621532007 3621532006 1 
3621532006 | 2383958548 | 3680843458 | 3359643700 | 083A: 13045977712
2383958548 | 3359643701 | 4549672927 | 3680843458 | 935A: 13974118634
2383958548 | 3359643700 | 3621532007 | 2147483647 | 964A: 11512617902
2147483647 | 2383958546 | 3893807658 | 3359643702 | 149A: 11784893553
2147483647 | 2308871594 | 2308871594 | 3359643702 | 789A: 10124870537
P1: 34991252723504
